1442843262;141;854;995
1442902204;137;858;995
1442988604;138;858;996
1443075005;138;858;996
1443161404;138;858;996
1443247804;136;860;996
1443334204;136;860;996
1443420605;136;860;996
1443507004;136;860;996
1443593404;134;862;996
1443679804;134;862;996
1443766204;134;862;996
1443852604;134;862;996
1443939004;134;862;996
1444025404;134;862;996
1444111805;133;863;996
1444198205;132;864;996
1444284604;132;864;996
1444371004;133;864;997
1444457404;133;864;997
1444543804;133;864;997
1444630204;133;864;997
1444716604;133;864;997
1444803004;132;865;997
1444889404;118;879;997
1444975804;118;879;997
1445062204;118;879;997
1445148604;118;879;997
1445235004;119;879;998
1445321405;119;880;999
1445407805;118;881;999
1445494204;118;881;999
1445580604;118;881;999
1445667004;118;881;999
1445757004;118;881;999
1445843404;118;881;999
1445929804;119;881;1000
1446016204;119;881;1000
1446102604;120;882;1002
1446189005;118;884;1002
1446275404;118;884;1002
1446361804;117;885;1002
1446448205;117;885;1002
1446534604;119;887;1006
1446621004;118;888;1006
1446707404;122;889;1011
1446793804;122;890;1012
1446880204;122;891;1013
1446966604;122;891;1013
1447053004;122;891;1013
1447139404;124;890;1014
1447225804;122;893;1015
1447312204;123;893;1016
1447398604;123;893;1016
1447485004;123;893;1016
1447571404;123;893;1016
1447657804;123;893;1016
1447744204;123;893;1016
