1442843262;313;917;1230
1442902204;306;925;1231
1442988604;307;925;1232
1443075005;306;926;1232
1443161404;306;926;1232
1443247804;304;928;1232
1443334204;304;928;1232
1443420605;304;928;1232
1443507004;305;928;1233
1443593404;294;940;1234
1443679804;291;947;1238
1443766204;296;951;1247
1443852604;295;953;1248
1443939004;295;953;1248
1444025404;295;953;1248
1444111805;293;955;1248
1444198205;291;957;1248
1444284604;290;959;1249
1444371004;278;971;1249
1444457404;280;971;1251
