1442843262;313;917;1230
1442902204;306;925;1231
1442988604;307;925;1232
1443075005;306;926;1232
1443161404;306;926;1232
1443247804;304;928;1232
1443334204;304;928;1232
1443420605;304;928;1232
1443507004;305;928;1233
1443593404;294;940;1234
1443679804;291;947;1238
1443766204;296;951;1247
