1442843262;6;3;9
1442902204;6;3;9
1442988604;6;3;9
1443075005;6;3;9
1443161404;6;3;9
1443247804;6;3;9
1443334204;6;3;9
1443420605;9;3;12
1443507004;10;3;13
1443593404;10;3;13
1443679804;10;3;13
1443766204;11;3;14
1443852604;11;3;14
1443939004;11;3;14
1444025404;11;3;14
1444111805;10;4;14
1444198205;6;13;19
1444284604;6;13;19
1444371004;3;16;19
1444457404;25;16;41
1444543804;25;16;41
1444630204;25;16;41
1444716604;25;16;41
1444803004;16;25;41
1444889404;16;25;41
1444975804;15;26;41
1445062204;15;26;41
